10 10
33491 25951 41507 46768 24745 35405 17705 46950 43287 34463 
20486 15172 33908 30277 14990 20516 6945 31974 30812 22769 
34011 19998 30436 34872 27241 28192 17740 42126 31242 32096 
19658 11908 17430 20783 15558 17223 10877 24451 19285 19322 
25673 18656 34424 34204 19173 31587 16666 37902 33857 27881 
29610 26228 31299 40994 20315 30120 16194 38542 34301 31517 
29769 18738 32577 37722 21342 26330 12946 35445 31696 24809 
32342 25155 39661 39344 23531 32045 17548 44992 36401 34419 
36277 20486 25908 35581 27811 28984 19813 38155 28053 30875 
20845 13962 23231 25323 14161 22991 12440 25957 21809 21260 
