10 10
25537 33734 22976 18846 20763 27808 20208 37252 24270 13847 
34061 38529 23402 28689 28407 33842 32972 32835 25450 22759 
32820 33823 27140 27985 29511 34424 31397 40563 28635 23208 
28222 29251 19902 26888 25535 29182 31846 26504 19828 20683 
21467 25167 16480 19780 25012 19855 25594 26703 18085 17764 
34836 39229 24516 24954 27684 32616 26733 37816 28829 22674 
32146 34704 23616 28111 32794 28500 32987 36853 26060 25899 
25682 30926 22696 23866 28920 25550 32418 27338 24869 23241 
33312 33175 23147 30352 37286 27237 38254 35532 24830 28319 
12764 14196 6509 10304 11055 10901 9690 14386 8236 9160 
